9
1,1
2,13
3,14
6,78
9,111
1,10
0,98
7,56
3,12
9
1,1
2,13
3,14
6,78
9,111
1,10
0,98
7,56
3,12
9
1,1
2,13
3,14
6,78
9,111
1,10
0,98
7,56
3,12
9
1,1
2,13
3,14
6,78
9,111
1,10
0,98
7,56
3,12
9
1,1
2,13
3,14
6,78
9,111
1,10
0,98
7,56
3,12
9
1,1
2,13
3,14
6,78
9,111
1,10
0,98
7,56
3,12
9
1,1
2,13
3,14
6,78
9,111
1,10
0,98
7,56
3,12
9
1,1
2,13
3,14
6,78
9,111
1,10
0,98
7,56
3,12
9
1,1
2,13
3,14
6,78
9,111
1,10
0,98
7,56
3,12
9
1,1
2,13
3,14
6,78
9,111
1,10
0,98
7,56
3,12
9
1,1
2,13
3,14
6,78
9,111
1,10
0,98
7,56
3,12
5
6